120 3 0.500000 3.000000 10
0 0.62 7.94 6.36
1 7.79 9.92 4.85
2 4.34 18.24 13.89
3 1.59 4.44 18.06
4 0.67 2.73 16.00
5 0.17 18.66 11.61
6 13.44 18.07 7.19
7 0.71 17.59 4.25
8 13.76 2.76 15.06
9 14.67 13.13 15.50
10 16.24 17.23 14.34
11 3.47 2.53 12.59
12 10.91 9.81 3.49
13 5.20 0.01 1.20
14 14.47 12.96 6.26
15 19.09 15.37 13.35
16 15.60 0.37 1.17
17 14.36 15.13 0.57
18 4.89 8.25 4.28
19 2.71 3.45 16.29
20 13.13 4.95 7.25
21 2.59 13.36 10.17
22 3.97 5.20 17.54
23 10.53 17.30 2.48
24 12.42 10.30 11.08
25 3.03 1.70 19.85
26 19.69 17.19 4.05
27 4.16 15.11 18.21
28 1.98 18.83 11.41
29 11.40 7.06 16.71
30 17.24 19.14 17.29
31 18.42 16.91 0.02
32 12.14 9.66 10.81
33 10.27 0.92 18.71
34 15.63 5.42 10.09
35 16.92 15.15 10.57
36 5.11 15.63 2.12
37 17.17 12.55 2.43
38 1.91 14.56 17.94
39 10.01 18.57 14.36
40 5.15 0.61 13.87
41 15.83 12.78 19.31
42 19.95 10.34 13.25
43 19.21 16.29 13.05
44 10.27 11.68 11.52
45 19.97 0.14 4.71
46 0.73 18.48 12.76
47 2.65 18.97 9.42
48 17.72 10.23 1.40
49 8.99 11.27 14.26
50 10.96 8.40 9.72
51 5.87 3.93 19.59
52 4.92 16.68 14.21
53 4.96 7.42 11.68
54 6.78 19.42 12.93
55 12.39 1.08 2.72
56 17.81 12.97 14.97
57 10.30 19.02 2.78
58 9.65 0.68 4.34
59 18.25 6.51 7.68
60 8.39 17.33 16.28
61 15.42 0.08 19.61
62 11.16 4.26 17.17
63 5.20 0.69 5.95
64 13.47 15.58 1.77
65 15.90 14.39 9.42
66 3.60 0.89 6.46
67 16.60 18.15 10.19
68 16.39 3.51 16.71
69 8.31 5.30 12.81
70 3.30 17.48 13.83
71 10.62 5.34 7.95
72 3.65 4.51 12.38
73 4.33 11.08 5.16
74 3.50 5.98 18.35
75 15.03 13.91 9.61
76 18.23 16.98 1.45
77 12.31 17.59 6.12
78 3.65 2.96 15.51
79 17.95 5.81 0.32
80 1.63 15.84 10.96
81 5.80 10.26 11.15
82 12.11 9.13 15.99
83 18.95 17.56 14.90
84 6.35 2.50 9.85
85 8.36 17.16 9.79
86 8.92 8.32 6.19
87 14.90 0.15 5.44
88 10.81 7.71 18.03
89 14.01 5.13 4.83
90 5.76 15.32 2.47
91 4.91 1.79 0.74
92 18.46 1.56 13.65
93 12.73 0.76 16.88
94 9.80 11.69 0.79
95 8.76 10.12 7.03
96 13.10 15.22 5.68
97 0.41 18.11 8.62
98 8.34 19.38 13.85
99 3.13 0.92 9.38
100 12.14 8.51 8.46
101 2.54 5.09 13.21
102 1.23 10.99 17.34
103 10.12 10.17 3.17
104 9.79 7.89 5.30
105 11.06 10.36 1.11
106 17.77 6.53 17.50
107 2.33 16.19 14.90
108 11.97 9.23 17.78
109 3.82 2.58 9.80
110 5.12 15.75 1.53
111 18.97 8.97 1.87
112 14.89 9.55 7.84
113 5.86 3.94 10.71
114 4.99 15.46 2.98
115 17.22 13.41 9.99
116 9.11 2.34 9.42
117 2.06 9.82 17.76
118 5.56 1.39 3.86
119 13.44 3.35 19.11
