120 3 0.500000 3.000000 10
0 9.43 18.88 0.27
1 19.18 6.45 2.92
2 17.76 13.20 18.89
3 0.32 6.93 5.10
4 14.55 10.55 10.74
5 11.73 15.65 18.72
6 8.61 0.77 11.38
7 10.44 14.15 9.95
8 2.95 9.13 5.84
9 7.52 4.35 6.33
10 18.63 10.03 11.86
11 5.61 14.66 2.61
12 5.48 10.74 1.18
13 17.66 15.42 18.79
14 13.88 17.48 16.75
15 8.69 13.63 16.46
16 5.30 5.95 14.86
17 8.46 18.04 14.11
18 13.68 15.00 10.92
19 13.61 13.77 19.95
20 17.47 18.62 18.39
21 6.19 1.09 12.58
22 6.34 0.11 4.32
23 12.89 0.24 19.29
24 8.16 5.57 5.14
25 9.14 4.44 0.43
26 5.60 4.28 14.66
27 7.27 19.37 19.88
28 18.07 3.97 15.78
29 8.94 2.43 16.89
30 17.05 11.06 0.32
31 4.25 10.50 8.18
32 4.30 3.26 9.88
33 13.04 3.99 11.36
34 13.96 6.05 18.17
35 2.43 0.44 5.95
36 5.01 8.54 3.33
37 10.20 3.68 7.72
38 11.98 10.42 10.28
39 8.58 19.77 18.81
40 1.37 12.30 0.69
41 10.81 8.12 2.57
42 1.92 0.05 14.29
43 4.27 10.45 10.84
44 1.11 1.27 1.96
45 4.05 12.16 14.26
46 10.10 1.89 1.50
47 8.94 4.11 7.33
48 18.00 15.47 13.21
49 3.62 9.11 9.62
50 5.60 9.75 17.26
51 16.29 0.35 17.23
52 11.72 6.05 0.27
53 4.00 9.49 5.33
54 3.86 11.10 7.92
55 10.89 4.52 17.51
56 2.47 9.06 15.08
57 19.08 12.57 10.64
58 5.84 6.93 8.83
59 1.81 14.16 11.12
60 4.63 1.90 13.85
61 5.07 5.22 8.44
62 2.31 16.49 17.58
63 0.26 13.77 0.35
64 13.94 19.32 16.54
65 19.53 12.31 1.57
66 2.50 8.78 7.04
67 17.98 6.98 7.75
68 12.50 15.80 7.07
69 18.39 13.06 1.17
70 16.59 12.68 2.51
71 13.36 5.70 6.16
72 6.05 11.44 3.45
73 2.91 7.80 3.94
74 11.28 7.54 17.31
75 2.18 5.55 9.94
76 17.77 7.82 17.43
77 18.34 9.46 15.27
78 8.00 6.28 11.19
79 19.70 6.97 9.21
80 13.15 11.09 12.85
81 16.20 4.08 5.05
82 2.97 12.58 6.11
83 11.12 11.31 18.92
84 0.10 8.92 2.26
85 2.14 14.90 13.06
86 18.57 4.32 3.43
87 17.25 11.42 4.78
88 18.93 18.33 10.99
89 1.15 14.19 10.75
90 5.32 5.01 17.22
91 12.22 5.94 17.71
92 6.28 11.17 8.13
93 1.97 17.45 16.44
94 4.04 15.05 7.83
95 0.16 16.84 18.85
96 7.63 14.16 13.89
97 12.74 4.05 10.62
98 7.25 4.82 10.28
99 7.67 19.40 6.97
100 2.64 10.46 2.54
101 9.56 19.01 8.38
102 9.49 1.33 1.66
103 19.01 4.23 10.13
104 17.68 19.46 10.40
105 10.00 19.95 15.76
106 5.71 10.46 2.06
107 10.85 0.46 13.40
108 9.99 1.79 8.29
109 13.32 3.96 6.92
110 7.32 6.49 13.33
111 13.50 19.67 4.73
112 17.87 6.48 7.72
113 19.37 18.42 9.01
114 14.97 10.96 10.07
115 15.38 9.81 10.55
116 1.05 6.94 0.26
117 7.94 10.35 11.61
118 17.83 12.65 7.26
119 17.77 18.57 3.24